80,95,14
78,96,7;80,96,6
102,105,7
103,57,1;103,104,1
159,161,5
159,163,2
144,164,7
144,166,4
144,167,16
178,179,24
178,180,14
218,42,1;218,60,1
221,160,10
233,236,5
188,240,6
243,252,6
353,266,7
354,226,10
354,356,7
354,357,7
358,76,24
359,76,16;359,77,1
360,77,22
361,77,2
361,370,7
353,372,3;361,372,4
373,371,5
375,369,24
385,383,5
426,8,5
446,8,15;446,40,1;446,41,1;446,70,1
448,462,5
511,462,67
517,39,1;517,59,1
254,541,8;474,541,20;475,541,20;477,541,40;523,541,3;537,541,2;540,541,7
565,566,4
567,566,1
589,568,4
591,590,1
471,593,17
471,620,3
472,660,20
545,693,4
754,749,5
821,820,100
834,822,3
834,840,1
685,920,1
1017,999,4
1017,1021,187
1017,1022,4
1017,1023,4
1017,1024,4
1017,1025,4
1017,1026,4
1017,1028,6
1017,1029,7
1017,1030,3
1017,1031,187
1017,1018,4
1017,1032,4
1017,1033,4
1017,1034,4
1017,1037,187
1017,1038,3
1017,1043,7
1017,1046,187
1017,1047,3
1017,1048,183
1017,1049,2
1017,1050,187
1017,1040,4
1017,1051,4
1017,1053,187
1017,1055,4
1017,1057,4
1017,1058,4
1017,1059,187
1017,1060,1
1017,1061,1
1017,1070,187
1017,1075,1
1017,1076,187
1017,1077,1
1017,1078,1
1017,1081,1
1017,1086,1
1017,1087,36
1095,1119,7
1933,1934,187
1933,1968,187
1933,1969,187
1933,1970,187
1933,1977,187
1933,1978,65
1933,1979,187
1980,1976,7
1933,2035,187
1933,2049,187
1933,2061,187
